date:1477036326,lat:47.0808212,long:2.4174019;
date:1477036336,lat:47.0808213,long:2.4174011;
date:1477036346,lat:47.0808214,long:2.4174013;
date:1477036416,lat:58.0808212,long:2.4174019;